-39854 -18107   5711 -25388 -27491  36451 -39836  18885  10520 -30069  30461  40984 -24510   2954 -12067  26289  -6920 -16906  -4534  43372  31331 -27770  11105  11489  22379 -11756 -33339  12592 -29101   1214 -32312  24125 
 15405  -3536  10399  52185   1557 -32773 -43600  -3109 -43337  10631 -16902 -12427 -45326  28666  -2228 -35632  -9373   -511   5390   7949  38863 -16196  23119 -27854   9442 -14313 -56899  39699  30333 -32623  -6074  26627 
   340  74321 -13802   3189   9741   -361  38942  14974   3053  60257 -53004 -26218 -43919  -5451  44106  -5988  -7871  -2417  -2058  -2059 -11005  37753   1406  -5118  -8613 -19117  13909 -41033  33611   7350  30208  -4731 
 38773     34 -10241  39298  29257 -30355  22113 -18081 -14583   5722 -19725   -402 -26519  21216  -8498  22371  31422 -23518   7123   7182 -24506   5898  35809  33260 -34953 -30813  16300   3522  10438 -35333 -12336 -23712 
 -9822 -41851 -19534  32331 -32304   3072   4849  33311  38952 -15571  27177  21878   9807  38139   6327   6427  18135  15178  44882  -4092  19388  13145  16511  21852  30136  30728 -22664  -3106  -1722  -4912 -38857  -7831 
 42978 -28273    -45  21453 -43554  -6846  13952  -6180  27839 -34338 -13507  24535 -19316  24758 -18936  -3619    274  31079 -43024 -23986  18712  -2228  32050  39023    224   5326   3161  10012  12267  12782 -32483 -22241 
 11951 -21129 -25957   -270  42216  10925  -2014 -18726 -25545  18272 -19405 -14005  32030   2064   8177  -6052   4639  36954  39357   6717   5437  48525   7160  -4781  35975  13087  -1490 -38618  -3745   2551  17340  -3817 
  -535 -37804 -11018  27166 -16505  -1417 -43006    -32 -17283   2942   4731 -16211 -17540  19039 -28512  16079   9757  -5405  36708  27177  10135 -10404 -17802  11567   8446  37412  -9290  11139  14272  -5997  -5584  36567 
-43976  22696  56185  -6706 -32892  -2072 -21967  -4405    443  -1228  -7409  31081  21745  38401  -3557  15251  -8835 -23320  12686  16743  28758  -1110 -24310 -29644  10176 -10279  31365 -34306 -13216   2327   4956 -42645 
 -2677 -16578  25248   4632 -18205 -39508 -29814  -3426 -13792 -35611 -12277 -17231 -26390   2696 -21187   1946  30185 -38367  14821 -15236  23990 -44168 -53172   7391 -34954  26436   8161  -1557  21383 -41247  22461   5255 
 34050 -22156  12705  27571 -61653  17010    680   -559  -5874 -13227 -49832 -11436  51379  57470  41371 -29741  16238  25124 -11423 -34718  20379   9692   1246  -1579  51723  25277  33696  -4392  40614 -21513  -3776 -38893 
-16416 -23727  -2509 -27974  32095 -26360  27912 -28354  28752  11329   -975  23705  27577 -36503 -42287  50915 -24104 -15268   1875  15371 -24105   -801  20112  42842   5325  13752 -39533  21211     55 -21028 -30921  -6329 
 11540 -29106 -10233  -3872  10528  14075  34051 -10419  -2056   3183 -11472  -2578   9865  20607   6458  22205  -6237  26915 -18944 -26303  10118  43805   7129  11704  15114  20922   8692 -29144   2294   6563  -1747  21354 
  3613  39639 -19842 -18867   7786  12525  21633  -1870  -4632  17498    345 -27931  20827 -24119  49293 -30891 -11754  33626   1531  -7150  10315  20893 -22131 -15565 -24595 -22591   1815 -22410 -16957  24858  12743  -1872 
-43529  53926  13219 -22407  21087  17719  33500  15384   3660   4602   3648   1500 -20232   -106  42020 -13303 -39103  10887 -21716 -26706  38402  15979  36121  15381   5560 -40108  12705 -18579 -30351  35814  26914 -40703 
-16214   6781  41289  22001 -42282 -43627  14345 -19189  16440   3635   -102  -7058  31789  69874  12920  -3414  36600   6465  18103  -6289  47019  44677 -50631 -56784  13920 -14141   8806  -7528  19506  -4046 -14365 -32607 
 28495  39674   9999 -19500  18175 -15285   5377 -23515    842 -16804  10391   7251  -3634 -17883 -25770  17029 -19616 -17462 -14144  25099 -23803   3335 -33501  -3180 -31619 -37983  -2497  22883  16177 -15322  30840 -10329 
-11206    -95  18781   -398  21006 -32806 -13682  -5421  15637  15059  43726 -13332 -18071 -26823 -16913  41483  -1950  18736  37673  29385  -3120 -11951 -21808  29134   5809   2036 -28571  18081 -21308  12084 -14861  23483 
-13662  37586 -13006   8629  44100  15527  22410  15285  14830  -9411  24613   9290    136  -9965   8404  -7186   2565  14807 -23067 -11926  15891   2394  58446 -17082  27261  -8501 -42137  13333   8517   9877 -26904 -11160 
-19565  71635  14065 -16445  33085 -13011 -12286  54803  -6033  10217  23545   3285  17035  -2441  23540  14726 -13448 -17753  31846  21164 -22422  40138  33086 -11459  -1355 -22390  14937  -2133 -26194  29274   5549  11877 
 -5430  35080  11497 -12924  18055  -2719 -20943   2577   3622  -2977  -9510  50268 -16013  21419 -55370 -17138 -12328   -326   -852  21355 -18578  25501 -23048  -3575  36626  -7363   6013  10398 -21259  25191  42237  27275 
  -803  29574  15683 -33831  27649   8192 -16200 -12545  15626 -20439  -7342  10340  15053   -526 -15384   5538  -7888  -3722  24845   -564 -33516 -19415  -2926   7850  11245 -18125  16324   5069  -1355  22400 -26215  25266 
-12704  50697  12508 -33608  17870 -11192  10320   1420  27001 -22022  13238   3442  30824  27549   7933  12344  18857  -3026  11525 -28956 -12214   6711   2117   7233   2808  -6566  -1894  12033   9600  18267 -38389 -34623 
 -3465  -5219 -28248 -18445   4783 -15774  29137  13295 -35300 -32239 -38264 -25566  24227   -473  37152 -30007  -7964 -31640 -48388 -30360  42122 -19267  59348   1314  -5112  14915 -23306  23586  55143 -15471 -40617 -45619 
-47215   7331  40941 -20301 -32859  -1062   6211  20551  33856 -13606  27743  18605  23804   7456  -8368   1135  -9503  -2233  -9104 -20067  20490  -1384 -18310  -1229 -10981  22576  -4206 -15043   -793  62621  17633   8715 
 14536  13962  -8254    403 -30695   -206 -38139  -3749  19295  26875  15913  37493 -23759   4358  -2645  48666  18721 -23253  25864  44569 -35665 -34052 -77257  -7128 -17153  -3722   8001  -9574 -41309 -46215 -14655   9392 
  8251  41444   8616  14399  27326    653   3133   5570 -11706   1203   2699 -54011  -9509 -44563  31555 -32883  26637  22426  -5508 -15425   4301 -31138 -22204 -14443   -345 -19449   1504 -25516  -8402  21322   2518  25738 
 18350 -25477  -1476 -15475  -5941   3345   9134 -19349  17815   -823  -3083  32235  63853  24309  -7483  16232  16570   8622  27044  -4471 -39634  12860 -23783  10525  -5503  14789  35657  29913   5225 -17886 -14566  -9002 
 34221 -15979   4185  16175  -5488  29494  -9788  -9262  20839  -9034  -3206 -20316   4609  15556  -6572   4788  17902  30817  50675   2634 -39478   -251  -1642  25218   4483 -14495  18543  -5425  18033   5627 -26299  42973 
-32126   8512  -2906 -32947 -16299  -2396  -6003  -4346  25080 -37433 -37996  26964  20382  12303  -5525 -43325  -4395 -16327  15199   -849  15526  -9936 -28296   8908  -8835 -19003 -48291  22478  -1287  -1938 -13227  25565 
 50365  41430  10435 -23855  10596 -10449 -11744 -21674 -16090 -29692 -35265 -17517  36898  10431  -8378  -7855  29052  -9926   5896  -2301 -38761  -7914 -25858   -385  -9449 -19153  12946  28083  38848  -9405 -20142   1248 
  6280 -39492  24276   2898 -22640 -18314  18638   7611 -21552  11406 -36291 -13478   2565  -6124  14866  30690 -18109 -10760  -3462   9401  -4328  11018   -566   3758 -18611  34940  80679 -40906  29347 -35415  25585   2568 

 -3238  19086    158 -11889   9668  -1303 -24237 -21510  -2268 -35250 -23857  14170  17776 -11933  14954  26289  32491   -418  23306 -29727    173  20739  36509   8917 -29302  -7306 -25063  -4050   7237  -9811  12441 -12142 
-10315   8257  21066 -26760 -17200  -2812  21740 -22223  51558 -17881 -36583  39838  -6735 -10446   9998  11944 -15567  17331  -8848  -8658 -26360  -6190 -22935  22923 -11076 -16854  10439  28052   9105  24596 -14907 -16253 
 13593   4138 -11811  15467 -25725  18604   5364    192  22889 -20879  -8591 -11010  20714 -17708 -10333   6153  -5263  55010    922  -7663 -19781  17959 -56936 -55293  19207   4339 -13489 -30502   8773  39995  -7855 -13522 
-17410  -4227  22175  37676  36317 -19566   -716 -10680   3844   3143  13685   8417  12237 -43221 -40010  10802 -39399 -18740  27120 -11219 -23313  -8135  29344  -7212  -9877 -14306  -5626 -11010  32019  -9003 -14233  42371 
 -1987 -14299 -18571  15661  -9697  24367  32863 -40739  28826 -36278  21696 -13652   -601 -22125  -5560  18540 -20693  40903  22694 -20110   3591   8954 -33574  17947  -9196 -10399  16276 -22663   3881  11469  32578  18339 
 15873 -27556   3035  -3274  -8406  24495    410  23855 -18432 -17474   9770 -15955 -27827  31092 -23135  11466  17018   7468  -6205  15721   -934 -12161    494  -4646  18936 -10847  27684  -2520 -37955  -8215 -10491  -3690 
-23002   4510  -9312  -4350  -9617  14709 -12343  12687  -3689  19764  10276 -16649 -16791  44367  -7956  -7198  26147 -37199 -15932   7928  23440 -12688   6751 -26829 -18771  19057   7876   5286 -16836  -5327 -16520  29484 
 -3657  26952  16081  -2168  33107 -15617  23136 -33181  -6882 -27989 -13363  28041 -32707  -1612   -103  -7946 -48199  -3083  31913 -20984  12064  21821  -7838  22215  49643  30670 -41986 -27936 -14334  12787   2696   6711 
 18386 -12989 -30548  -4260  16325   -273  25060 -38763  56525   2511  56641  11320 -11590 -20590  11625   9681  -4895   2453  11845 -17476  25237    553 -18923  -3828 -13845 -20088  -4396  13197  11402  27845   7313   2949 
 11644 -18111  15130 -49474   5855 -31021  34918 -10784 -40502 -18124 -14667  38035  -5327  -1105  -6774 -10143 -13115 -21976 -17831  20544  17343  28486  25816 -19518  11931  -7533   7675 -21039 -10670 -31165  11311 -10424 
-16669  16461  -8619  20862  -6132 -27144  12164  29442   6775  22931  11820 -11504  38664 -45323 -20245   6691 -52154  14852 -16067   1489  -1557  36157 -38401  20186  10902 -35476  -3099 -28080  47030  28607  17764  10372 
  4835     35 -18278  24572  -4867 -20107 -50534  19688 -24686 -29623 -38365  13215  18628  22322    752  19462  41858 -24776   7256  -2285  -3952 -34308 -20087 -32951  -3920   6917 -10474 -10079   8090 -25527  -6048  14708 
  4489  12484   6988 -37122 -12528  -3219  23432 -24897  27663  28028   -691   6852 -33282 -12352 -20889 -45509 -35750 -18293 -35344  12171  34166  41724  12355 -11491  15602  15628  17619 -12379 -25438    332 -39090   4379 
-20022  11396 -14453  -2882   7624  -7291  -2987  28932  -3150   8165  -1652  13928 -16157  27373  -3109  35991  13418 -20479  28424  -2379  16050  27061  36925  22137  37412  -9108 -42687  11108 -16539   6047   1727   8369 
  -481  23252   8273  -6978  14440  -8132 -30294  27150  -4292  -2390 -26297  21968  43338 -27906  39867   2047 -16583 -10553  -4884 -10102  -8472  17792   9319  16519  21336   5770 -38619 -25553  10293  19583  12580 -27960 
 -6145   7177  33636 -37878 -21640  35813   5804  33002  -4813  -1756  -6795  -6313 -16655  10468  41045 -12265 -14103  -3737  -6802  -7547  18816  27895  -3134  19280  21076  38167   3115   3452 -34417 -27741  29539  -2195 
 10003  21890 -29414  25453 -15011  -4435 -21073  15610  17014  17365  18458 -25403  24069 -22244   1776  17437   2986  24737 -15675  15946  -2175  13200 -49542  14656 -35366 -28094  -7278   2259  24042  30242  32817  -3741 
 17522   7215  13409 -16263 -12437  22326   7733   4352  -3671    518  -8670 -19094 -16755   -277 -11062  -6902 -12235  33093   -926   8110    531  44106    303   4130  -4364  -9314  17164 -16505  -2249  13702  -7755 -21973 
 34099 -12994  -5894  -8451  11759  46326 -35730   7787 -43786   1007   4156 -15624 -22602  17748  23455  -1950  21605  21900 -17517   6458  19529  25268 -20537  38188  -5589  -6236  15303 -37334 -23479 -14354  -7839 -40035 
  8068  24280  40984   7424  -6124  10391 -22712  -2171  30760   -288 -17575 -18213  19336   2684 -21717 -15337 -16664  15421    223 -16347 -38433   2991  -4926 -33384  -4409  27666  -2023   8263  10099   2455 -15259  -6556 
-11758  34642 -18768  21595   3607 -22200 -19393  17380   6139  -4326   -889  20995  23809 -15084  52596  29348   8242 -24983  14652  13428   9137  18238   -291  43239  -5819  -1188 -39706  14085  40218  17323  13716  -9415 
 30372   9401  31871  24615  -4527 -10123 -13457  40872 -32016  -8381 -16079  -5811  31226  14301  36020  -6742 -14049   8680 -23261  22072 -42348    452 -13120   6990 -14787   8871  -8187  -9584  42652  10884   4733 -16532 
 20082 -18441  18681   4604 -30685 -12245   7977  35985 -22630 -22446 -31808  15135  19012  33961  27061 -10823  29827 -22899  18301  31256 -36373  -8824  12270 -31387  -3855  15059 -13116   6040   8393 -15020   2054  12217 
 48582 -15689  -8823 -18076  42717 -22549  19878 -32305 -64131 -33641  11811     50 -18444  33059  24666  -3705    955  -7717  -2599  42009  12389 -20078  -3021 -27274 -35537   1103  10161  15979   5136  15405   5079 -40316 
  9794  -6666   5303  15491  17128  26418   -738 -16444  13564 -26048   1579  12530  -7792  -7344   2595  20316 -18070   6024  -3762 -22779   4120   2155 -60623  -8042   1555  -8242  16858 -35844  11808  10771 -27697  -4890 
  8351  10399   7741 -14461  11879   3153  -9078  -6374 -12888 -39958 -32165  13173   4339 -24152  -5048  -4236 -20068  27009   8891  -6219  -2664   2739 -17394  -7804  29498  30094   -631   6570 -41687 -25550 -11337 -14185 
 27610 -23222  24874   3678 -41810  -2740   4927  17058   6962  28135   9075  -5114    139   4090  -7217 -35132 -33442  -8178 -33459  56289 -24944 -19908 -20876 -36422 -22618   5606  24385  45112  10029  -5394   5773 -16451 
  7788  24055 -17322   3461 -11744  18880 -34303  28023  11517  35702  11488  -5220   3274   2684  11973 -15803   5773 -24557 -30986   7392  45047  30168  -8003 -15114  -7010  12683   7124 -14740 -11560 -11406  -2947  11930 
 -3726  14319  18286   3402   9588 -25946 -35787  10395 -15056  10492 -46910  21700  17813   7743  14909 -16470   9751 -28121   3643 -16442 -29193 -14103  52405 -27406   8513  13867 -25001  22067   6728    501 -51762 -13665 
 -6641   1487 -10320 -14757  13877  25234 -10561   7482 -35062  -7710  23776  -4004 -14265 -32535  -3077   4833  -8500  18091 -13776 -27549  41798  17117  -3067  10022  12046   7549   7017 -23908 -19663 -30469  17567   2913 
  7736  36023  41363   6248  16201 -15919  26642  -5892  -6133   2437 -12968  11849  12039 -12643   7833 -23252 -29452 -33665  -3472   5721  13982  19546  17093  36490  21754  18222  -3925 -22975  -4144 -27735  27089  10133 
 10010  32663   1667  14855   1074 -11369 -33592  30020 -18664  33562 -15774  15476  51989 -24394   5280 -25441 -16628  -6160  -3058   8641   8148  61240  32121   9901   6912   2330 -45146  -8231  24132  -5576   4386 -16798 

  1997  -1310    430     14   -498  12728  -2049   3016   8804   7160  -1380 -13664 
 10260  -4578  -6669  15846  14301   5775 -14689   8159 -16673   5135   7125  11542 
  -231  -7484  10400  -7570 -10605 -12715   2453  -8278   5819   9964   8368   9522 
 -2868   5235   2121  -1617 -17898  -8142   1634 -13225  14110  -3361  -9258 -16691 
  2181  10427 -27188  28640 -15472   2160 -14241 -20337 -16134 -18984  13633  -8521 
  7332   9104   5710  -6158  24398  -7968  -7772  14224   4772   2122 -10522  12824 
 12003  11365 -14303  19661   -194  17732  -9057  12149  -2336  10969  17890  -2423 
  3432  13644  -2522   1584  14016   9852   5062  19602   3976  -5726 -15970  -5692 
  5577  10563 -31569  33687  -9046  19404 -22895  -6681 -16944  -1465  20782 -18777 
 -8583  -3557   6321 -18674  10802 -12106  -9786 -14102   7990  -6381 -11212  -5249 
   154   7218 -11117   6315   7836  26274  -1896   8288   4520  -7425 -10793 -25910 
 12956  12168  -9007  19136   2256  17030 -13449  11953   7984   7779  -9279 -22656 
 -5718 -23081  19000 -21416  15104  -8570   9214  -2621  -3532  -3614  -7247  20757 
  1196 -13652   9398  -8340  13450   8422    362   5902   1846   5350  -5494   2116 
  2391  18047   3414   2299 -18211  -9216  20977  19634   4308  13588   9186  12095 
 -8675    932   1844  -5012 -21728   7373  19084  -3642  10685  -2832  -3987 -18454 

